669
489
649
290
497
847
222
524
516
986
857
913
39
112
572
515
188
268
451
819
208
775
560
114
344
297
160
865
7
155
570
743
42
410
275
640
393
453
471
297
634
821
187
82
867
900
262
241
604
792
346
217
336
779
306
798
99
645
902
95
348
44
43
82
934
915
763
189
254
193
424
685
615
285
329
664
297
887
390
637
320
939
161
82
343
672
173
894
528
333
676
174
554
553
994
429
394
73
588
396
819
879
541
485
788
88
321
903
425
832
531
913
93
125
5
667
382
535
350
296
525
613
558
825
517
921
734
733
335
176
508
856
780
251
200
518
789
561
241
874
855
156
434
376
723
364
193
832
609
102
81
965
49
745
628
866
27
549
283
929
431
364
765
862
6
882
208
939
470
216
467
398
843
59
59
8
531
40
206
71
278
585
333
343
30
399
499
541
279
308
602
331
76
505
259
626
310
888
336
250
107
928
725
538
853
449
374
313
365
282
665
371
280
284
865
694
983
40
272
39
921
379
651
557
810
659
261
690
103
45
276
719
412
337
785
317
331
674
307
198
339
46
843
176
625
809
658
361
665
94
477
182
70
649
923
403
976
463
579
366
405
1
819
558
339
226
114
18
217
855
364
352
396
306
281
17
588
606
237
885
559
100
492
866
438
756
194
116
513
324
261
987
881
768
277
631
511
477
719
877
421
224
743
786
530
75
569
36
959
23
583
602
271
909
65
998
656
980
518
629
975
894
640
20
389
728
797
492
95
553
476
135
953
673
254
22
488
600
45
358
177
439
326
797
826
323
461
187
355
975
204
634
626
50
99
723
616
269
816
217
843
309
241
123
779
641
134
946
236
888
948
518
602
599
98
870
288
759
968
312
822
302
956
816
348
574
561
791
163
688
190
673
19
323
72
916
912
754
422
122
255
257
5
490
421
212
776
614
917
323
875
903
515
426
867
62
721
368
877
766
907
730
592
921
850
286
724
278
707
818
642
784
794
194
365
917
66
328
867
783
427
238
599
825
249
714
760
128
97
450
725
274
42
163
538
28
770
732
664
428
826
287
164
740
953
287
368
861
13
980
147
59
530
861
264
876
483
229
659
955
739
485
408
822
447
902
295
674
728
837
400
950
44
595
604
841
898
865
388
108
656
895
876
185
528
381
41
398
405
980
45
716
466
398
42
467
620
286
770
888
867
923
772
312
395
904
760
362
145
146
83
810
102
69
145
4
387
551
344
832
923
353
347
243
756
154
245
77
417
44
37
485
256
500
617
380
981
866
292
27
641
900
311
313
409
118
643
410
341
611
269
360
874
313
504
491
811
469
809
525
960
709
252
815
335
704
424
464
597
921
192
991
865
576
380
258
66
761
962
447
766
216
977
628
351
794
523
377
951
708
661
734
60
838
365
579
880
669
696
34
935
155
145
656
722
696
868
791
321
152
160
519
265
678
838
574
354
81
723
885
855
827
114
244
390
340
215
733
814
497
806
603
713
776
34
912
692
308
919
99
661
676
182
435
858
218
99
9
884
926
199
120
587
16
690
686
387
21
372
537
53
767
798
344
637
57
910
944
601
651
260
795
625
179
117
946
106
995
477
768
374
989
736
368
688
351
809
818
328
350
653
902
144
13
793
754
256
585
885
636
875
890
595
849
86
766
18
787
358
118
475
289
884
384
408
798
241
76
643
430
616
863
672
392
173
852
669
214
96
937
615
273
995
867
329
973
674
418
532
150
354
994
362
828
945
333
121
11
485
218
393
174
471
661
712
285
978
186
181
225
53
819
505
518
788
71
794
516
295
647
692
859
291
191
234
998
223
262
961
915
506
1
30
588
501
743
626
26
934
34
785
953
821
337
179
544
890
913
462
654
839
723
633
904
245
970
45
92
575
933
347
858
183
672
687
745
810
173
502
83
414
333
13
140
159
906
546
222
721
627
121
207
771
953
893
44
773
579
680
598
115
614
919
222
693
434
257
89
677
795
591
15
930
350
338
581
410
523
572
826
906
148
630
195
84
991
32
864
508
201
377
739
441
594
593
18
1
105
200
210
930
817
628
858
701
22
272
111
807
154
676
78
414
215
166
534
35
10
4
506
287
567
457
979
220
599
331
976
547
261
456
849
780
224
173
829
180
348
294
431
998
943
619
891
816
267
626
30
391
770
353
206
304
14
277
490
626
124
138
341
342
931
84
87
455
293
294
149
175
236
357
139
818
816
456
966
305
636
804
15
400
896
661
843
94
189
627
891
146
652
881
590
507
642
425
592
642
87
594
319
